6617 4 571 256 256 256 132 135 9854 36490 201 223
6618 4 572 256 256 256 133 136 6541 201 223 3712
6620 4 573 256 256 256 135 138 52979 45840 22224 1018
6624 4 574 256 256 256 139 142 43274 15096 1281 6900
6627 4 575 256 256 256 142 145 267 818 223 818
6628 4 576 256 256 256 143 146 3816 51704 1018 52979
6631 4 577 256 256 256 146 149 223 818 3846 1018
6633 4 578 256 256 256 148 151 22348 44106 1281 267
6636 4 579 256 256 256 151 154 34217 2880 270 125430
6637 4 580 256 256 256 152 155 15 818 223 19
6638 4 581 256 256 256 153 156 26 3816 223 818
6642 4 582 256 256 256 157 160 22348 44106 1281 267
6643 4 583 256 256 256 158 161 2329 1281 69406 4
6647 4 584 256 256 256 162 165 3445 1281 12356 818
6650 4 585 256 256 256 165 168 70654 27239 1281 12356
6652 4 586 256 256 256 167 170 14 305 270 6407
6653 4 587 256 256 256 168 171 6069 2880 698 679
6654 4 588 256 256 256 169 172 16057 3816 223 19
6655 4 589 256 256 256 170 173 31 6391 3816 223
6656 4 590 256 256 256 171 174 19 3816 223 818
6657 4 591 256 256 256 172 175 16 455 6407 1281
6658 4 592 256 256 256 173 176 18 4 818 10212
6659 4 593 256 256 256 174 177 3816 223 818 10212
6663 4 594 256 256 256 178 181 32 85 270 12709
6664 4 595 256 256 256 179 182 101055 13484 32 818
6666 4 596 256 256 256 181 184 377 270 49911 1718
6667 4 597 256 256 256 182 185 260 49911 9466 1718
6668 4 598 256 256 256 183 186 406 90265 9466 1718
6670 4 599 256 256 256 185 188 3361 223 818 223
6671 4 600 256 256 256 186 189 22507 201 1718 10212
6672 4 601 256 256 256 187 190 14817 1718 10212 1018
6676 4 602 256 256 256 191 194 223 818 223 818
6678 4 603 256 256 256 193 196 8618 1018 223 818
6680 4 604 256 256 256 195 198 361 818 8618 1018
6681 4 605 256 256 256 196 199 982 8618 1018 361
6682 4 606 256 256 256 197 200 875 361 818 8618
6683 4 607 256 256 256 198 201 1445 818 8618 1018
6684 4 608 256 256 256 199 202 11624 28 41892 125430
6686 4 609 256 256 256 201 204 223 818 223 818
6687 4 610 256 256 256 202 205 18 510 361 818
6689 4 611 256 256 256 204 207 1445 818 8618 1018
6690 4 612 256 256 256 205 208 18953 28 270 6951
6692 4 613 256 256 256 207 210 223 818 8618 1018
6693 4 614 256 256 256 208 211 18 510 361 818
6695 4 615 256 256 256 210 213 1445 818 8618 1018
6696 4 616 256 256 256 211 214 6485 116505 28 270
6699 4 617 256 256 256 214 217 9491 37057 116505 28
6701 4 618 256 256 256 216 219 510 361 818 8618
6703 4 619 256 256 256 218 221 1554 361 818 8618
6705 4 620 256 256 256 220 223 3197 875 1445 818
6708 4 621 256 256 256 223 226 6951 28 875 1445
6710 4 622 256 256 256 225 228 9548 78845 875 1445
6712 4 623 256 256 256 227 230 10 18 28 5514
6713 4 624 256 256 256 228 231 10186 510 1445 1823
6714 4 625 256 256 256 229 232 26963 510 1445 1823
6715 4 626 256 256 256 230 233 14 1823 19 71
6717 4 627 256 256 256 232 235 68 510 361 1823
6718 4 628 256 256 256 233 236 21 71 24 28
6719 4 629 256 256 256 234 237 70 18 67 28
6720 4 630 256 256 256 235 238 27 71 28 1823
6721 4 631 256 256 256 236 239 72 18 510 1445
6722 4 632 256 256 256 237 240 20 510 1445 1823
6723 4 633 256 256 256 238 241 223 1823 71 28
6724 4 634 256 256 256 239 242 18 28 1823 71
6725 4 635 256 256 256 240 243 6467 1823 71 28
6727 4 636 256 256 256 242 245 70 18 68 18
6728 4 637 256 256 256 243 246 27 71 24 28
6730 4 638 256 256 256 245 248 1238 68 28 1823
6731 4 639 256 256 256 246 249 25 510 1445 1823
6732 4 640 256 256 256 247 250 223 1823 71 28
6733 4 641 256 256 256 248 251 1457 833 1445 1823
6734 4 642 256 256 256 249 252 7 833 1445 1823
6737 4 643 256 256 256 252 255 1550 47904 28 5514
6740 4 644 256 512 512 255 258 223 1823 5514 28
6741 4 645 512 512 512 256 259 1457 510 1445 5514
6742 4 646 512 512 512 257 260 62331 510 1445 5514
6746 4 647 512 512 512 261 264 28 7397 28 7397
6748 4 648 512 512 512 263 266 510 1445 5514 28
6750 4 649 512 512 512 265 268 19741 24126 28 12628
6753 4 650 512 512 512 268 271 6354 510 1445 12628
6757 4 651 512 512 512 272 275 41779 28 12628 41779
6759 4 652 512 512 512 274 277 6354 510 1445 10173
6763 4 653 512 512 512 278 281 36941 28 10173 36941
6765 4 654 512 512 512 280 283 905 29 1487 28
6766 4 655 512 512 512 281 284 33373 5670 59653 28
6768 4 656 512 512 512 283 286 22095 28 1487 28
6769 4 657 512 512 512 284 287 1780 22477 80985 510
6770 4 658 512 512 512 285 288 9512 7544 14 1487
6774 4 659 512 512 512 289 292 59653 14 22477 80985
6778 4 660 512 512 512 293 296 510 1445 18953 28
6782 4 661 512 512 512 297 300 223 18 510 1445
6783 4 662 512 512 512 298 301 19 510 1445 1204
6784 4 663 512 512 512 299 302 16 223 18 28
6785 4 664 512 512 512 300 303 23 510 1445 1204
6786 4 665 512 512 512 301 304 3812 510 1445 1204
6788 4 666 512 512 512 303 306 361 6485 48219 28
6789 4 667 512 512 512 304 307 1554 361 1204 15207
6793 4 668 512 512 512 308 311 875 1445 5514 28
6795 4 669 512 512 512 310 313 6951 28 5514 28
6797 4 670 512 512 512 312 315 1823 72 55343 28
6799 4 671 512 512 512 314 317 1238 510 1445 5514
6800 4 672 512 512 512 315 318 49568 510 1445 5514
6803 4 673 512 512 512 318 321 9491 41913 28 223
6807 4 674 512 512 512 322 325 20 510 1445 6485
6808 4 675 512 512 512 323 326 16 23 28 223
6810 4 676 512 512 512 325 328 3812 510 1445 6485
6814 4 677 512 512 512 329 332 48219 28 223 18
6818 4 678 512 512 512 333 336 223 18 28 223
6819 4 679 512 512 512 334 337 1069 28 223 18
6820 4 680 512 512 512 335 338 5438 510 1445 1823
6821 4 681 512 512 512 336 339 223 18 28 223
6822 4 682 512 512 512 337 340 1484 28 223 18
6823 4 683 512 512 512 338 341 5438 510 1445 1823
6824 4 684 512 512 512 339 342 565 223 18 28
6825 4 685 512 512 512 340 343 736 28 223 18
6826 4 686 512 512 512 341 344 5438 510 1445 1823
6827 4 687 512 512 512 342 345 60367 10 18 28
6830 4 688 512 512 512 345 348 14 1823 223 18
6831 4 689 512 512 512 346 349 223 18 14 223
6832 4 690 512 512 512 347 350 1059 14 223 18
6835 4 691 512 512 512 350 353 1683 28 223 18
6836 4 692 512 512 512 351 354 14 1823 223 18
6837 4 693 512 512 512 352 355 223 18 28 223
6839 4 694 512 512 512 354 357 16 223 18 28
6840 4 695 512 512 512 355 358 1810 28 223 18
6841 4 696 512 512 512 356 359 754 223 18 28
6844 4 697 512 512 512 359 362 223 18 28 223
6845 4 698 512 512 512 360 363 26 28 223 18
6846 4 699 512 512 512 361 364 5438 510 1445 1823
6847 4 700 512 512 512 362 365 223 18 28 223
6848 4 701 512 512 512 363 366 864 28 223 18
6849 4 702 512 512 512 364 367 5438 510 1445 1823
6850 4 703 512 512 512 365 368 60367 10 18 28
6853 4 704 512 512 512 368 371 14 223 18 28
6854 4 705 512 512 512 369 372 18 14 223 18
6856 4 706 512 512 512 371 374 18 14 223 18
6858 4 707 512 512 512 373 376 18 14 223 18
6859 4 708 512 512 512 374 377 16 223 18 28
6860 4 709 512 512 512 375 378 3019 28 223 18
6861 4 710 512 512 512 376 379 833 1445 5514 28
6863 4 711 512 512 512 378 381 18953 28 223 18
6866 4 712 512 512 512 381 384 19 510 1445 3979
6867 4 713 512 512 512 382 385 16 223 18 28
6868 4 714 512 512 512 383 386 26 28 223 18
6869 4 715 512 512 512 384 387 3812 510 1445 3979
6870 4 716 512 512 512 385 388 223 18 28 223
6871 4 717 512 512 512 386 389 19 510 1445 3979
6872 4 718 512 512 512 387 390 16 23 28 223
6873 4 719 512 512 512 388 391 26 510 1445 3979
6874 4 720 512 512 512 389 392 3812 510 1445 3979
6875 4 721 512 512 512 390 393 223 18 28 223
6876 4 722 512 512 512 391 394 19 510 1445 3979
6877 4 723 512 512 512 392 395 16 23 3812 510
6878 4 724 512 512 512 393 396 20 3812 510 1445
6880 4 725 512 512 512 395 398 223 18 28 3979
6881 4 726 512 512 512 396 399 19 510 1445 3979
6882 4 727 512 512 512 397 400 16 23 28 3979
6883 4 728 512 512 512 398 401 26 510 1445 3979
6884 4 729 512 512 512 399 402 3812 510 1445 3979
6888 4 730 512 512 512 403 406 27239 28 223 18
6891 4 731 512 512 512 406 409 5234 510 1445 3979
6892 4 732 512 512 512 407 410 18 510 1445 3979
6893 4 733 512 512 512 408 411 5438 510 1445 3979
6896 4 734 512 512 512 411 414 8411 28 223 1457
6900 4 735 512 512 512 415 418 27913 1445 6485 48219
6902 4 736 512 512 512 417 420 9545 28 223 18
6904 4 737 512 512 512 419 422 710 510 1445 6485
6905 4 738 512 512 512 420 423 223 18 510 1445
6907 4 739 512 512 512 422 425 16 23 510 1445
6908 4 740 512 512 512 423 426 20 3812 510 1445
6909 4 741 512 512 512 424 427 85 28 223 18
6910 4 742 512 512 512 425 428 510 1445 6485 48219
6911 4 743 512 512 512 426 429 361 9491 28 223
6912 4 744 512 512 512 427 430 1554 361 875 1445
6914 4 745 512 512 512 429 432 310 28 875 1445
6915 4 746 512 512 512 430 433 19 28 875 1445
6916 4 747 512 512 512 431 434 875 1445 5514 28
6918 4 748 512 512 512 433 436 10173 17809 28 223
6922 4 749 512 512 512 437 440 20 3812 510 1445
6923 4 750 512 512 512 438 441 16 23 510 1445
6924 4 751 512 512 512 439 442 20 3812 510 1445
6928 4 752 512 512 512 443 446 10173 29364 28 10173
6931 4 753 512 512 512 446 449 223 18 510 1445
6932 4 754 512 512 512 447 450 6391 510 1445 7010
6936 4 755 512 512 512 451 454 17243 8721 28 7010
6939 4 756 512 512 512 454 457 565 223 18 28
6940 4 757 512 512 512 455 458 18 16 23 28
6942 4 758 512 512 512 457 460 3425 28 7010 17243
6943 4 759 512 512 512 458 461 381 510 1445 7010
6946 4 760 512 512 512 461 464 3605 28 3605 28
6948 4 761 512 512 512 463 466 1823 19 71 28
6950 4 762 512 512 512 465 468 67 28 223 18
6951 4 763 512 512 512 466 469 21 67 28 223
6952 4 764 512 512 512 467 470 71 21 510 1445
6953 4 765 512 512 512 468 471 23 71 28 223
6954 4 766 512 512 512 469 472 69 19 28 223
6955 4 767 512 512 512 470 473 510 1445 5514 28
6957 4 768 512 512 512 472 475 3051 30271 28 223
6960 4 769 512 512 512 475 478 6354 510 1445 5514
6963 4 770 512 512 512 478 481 11624 28 223 18
6964 4 771 512 512 512 479 482 27370 28 223 18
6968 4 772 512 512 512 483 486 16 20 28 223
6970 4 773 512 512 512 485 488 3812 510 1445 11624
6974 4 774 512 512 512 489 492 35865 28 223 18
6978 4 775 512 512 512 493 496 16 23 28 223
6979 4 776 512 512 512 494 497 26 28 223 18
6980 4 777 512 512 512 495 498 3812 510 1445 1204
6983 4 778 512 512 512 498 501 5514 28 7397 28
6986 4 779 512 512 512 501 504 510 1445 5514 28
6988 4 780 512 512 512 503 506 12628 41779 28 12628
6991 4 781 512 512 512 506 509 6354 510 1445 12628
6994 4 782 512 768 768 509 512 19741 24126 28 223
6997 4 783 768 768 768 512 515 6354 510 1445 1204
7000 4 784 768 768 768 515 518 12912 28 223 18
7004 4 785 768 768 768 519 522 16 223 18 28
7005 4 786 768 768 768 520 523 24 28 223 18
7006 4 787 768 768 768 521 524 3812 510 1445 1204
7008 4 788 768 768 768 523 526 361 10173 17809 28
7009 4 789 768 768 768 524 527 1554 361 1204 5635
7011 4 790 768 768 768 526 529 310 28 875 1445
7012 4 791 768 768 768 527 530 19 28 875 1445
7013 4 792 768 768 768 528 531 19369 28 875 1445
7014 4 793 768 768 768 529 532 875 1445 10173 17809
7016 4 794 768 768 768 531 534 6951 28 10173 17809
7018 4 795 768 768 768 533 536 1823 19 28 10173
7020 4 796 768 768 768 535 538 67 28 223 18
7021 4 797 768 768 768 536 539 21 28 223 18
7022 4 798 768 768 768 537 540 71 21 28 10173
7023 4 799 768 768 768 538 541 23 71 28 10173
7024 4 800 768 768 768 539 542 69 510 1445 10173
7027 4 801 768 768 768 542 545 3605 28 10173 17809
7029 4 802 768 768 768 544 547 1823 19 28 10173
7030 4 803 768 768 768 545 548 72 18 28 10173
7032 4 804 768 768 768 547 550 72 18 510 1445
7033 4 805 768 768 768 548 551 27 510 1445 10173
7034 4 806 768 768 768 549 552 617 510 1445 10173
7038 4 807 768 768 768 553 556 17809 28 223 19
7042 4 808 768 768 768 557 560 3812 510 1445 10173
7046 4 809 768 768 768 561 564 29364 28 223 18
7049 4 810 768 768 768 564 567 5126 510 1445 7010
7052 4 811 768 768 768 567 570 18953 28 223 18
7056 4 812 768 768 768 571 574 16 23 28 223
7057 4 813 768 768 768 572 575 20 28 223 18
7058 4 814 768 768 768 573 576 3812 510 1445 7010
7059 4 815 768 768 768 574 577 223 18 28 223
7060 4 816 768 768 768 575 578 19 510 1445 7010
7061 4 817 768 768 768 576 579 3812 510 1445 9491
7065 4 818 768 768 768 580 583 41913 28 223 18
7068 4 819 768 768 768 583 586 1484 510 1445 7010
7069 4 820 768 768 768 584 587 5438 510 1445 7010
7073 4 821 768 768 768 588 591 17243 8721 28 223
7077 4 822 768 768 768 592 595 18 16 223 18
7079 4 823 768 768 768 594 597 21 510 1445 7010
7080 4 824 768 768 768 595 598 5438 510 1445 7010
7082 4 825 768 768 768 597 600 361 6485 48219 28
7083 4 826 768 768 768 598 601 1554 1445 1204 2067
7084 4 827 768 768 768 599 602 361 1204 2067 30271
7085 4 828 768 768 768 600 603 12710 73 875 1445
7089 4 829 768 768 768 604 607 5514 28 5514 28
7091 4 830 768 768 768 606 609 5603 510 1445 8411
7095 4 831 768 768 768 610 613 28 223 1457 27913
7099 4 832 768 768 768 614 617 1445 7039 28 223
7102 4 833 768 768 768 617 620 11180 510 1445 6951
7105 4 834 768 768 768 620 623 9491 41913 28 223
7109 4 835 768 768 768 624 627 19 510 1445 1823
7110 4 836 768 768 768 625 628 16 23 510 1445
7112 4 837 768 768 768 627 630 3812 510 1445 6951
7116 4 838 768 768 768 631 634 28 1823 19 28
7118 4 839 768 768 768 633 636 71 24 28 6485
7119 4 840 768 768 768 634 637 25 71 28 6485
7120 4 841 768 768 768 635 638 72 18 510 1445
7121 4 842 768 768 768 636 639 21 28 6485 48219
7122 4 843 768 768 768 637 640 11045 510 1445 6485
7126 4 844 768 768 768 641 644 48219 28 223 18
7128 4 845 768 768 768 643 646 113112 223 18 28
7131 4 846 768 768 768 646 649 223 18 510 1445
7133 4 847 768 768 768 648 651 223 18 510 1445
7135 4 848 768 768 768 650 653 223 18 510 1445
7136 4 849 768 768 768 651 654 19 510 1445 1823
7137 4 850 768 768 768 652 655 5438 510 1445 1823
7138 4 851 768 768 768 653 656 60367 10 18 510
7140 4 852 768 768 768 655 658 9489 510 1445 1823
7141 4 853 768 768 768 656 659 14 223 18 510
7142 4 854 768 768 768 657 660 9489 14 5403 37057
7144 4 855 768 768 768 659 662 9489 14 5403 37057
7146 4 856 768 768 768 661 664 18 510 1445 1823
7147 4 857 768 768 768 662 665 16 23 28 223
7148 4 858 768 768 768 663 666 25 28 5403 37057
7149 4 859 768 768 768 664 667 754 223 18 28
7152 4 860 768 768 768 667 670 223 18 510 1445
7153 4 861 768 768 768 668 671 24 28 223 18
7154 4 862 768 768 768 669 672 5438 510 1445 1823
7155 4 863 768 768 768 670 673 223 18 510 1445
7156 4 864 768 768 768 671 674 929 5438 510 1445
7158 4 865 768 768 768 673 676 60367 10 18 28
7161 4 866 768 768 768 676 679 14 223 18 28
7163 4 867 768 768 768 678 681 397 28 1823 71
7164 4 868 768 768 768 679 682 14 223 18 28
7166 4 869 768 768 768 681 684 1484 14 1823 71
7168 4 870 768 768 768 683 686 223 18 28 1823
7170 4 871 768 768 768 685 688 16 1823 18 28
7171 4 872 768 768 768 686 689 19 28 1823 72
7172 4 873 768 768 768 687 690 833 1445 1823 223
7173 4 874 768 768 768 688 691 361 6951 28 223
7174 4 875 768 768 768 689 692 1554 361 1204 30068
7177 4 876 768 768 768 692 695 42812 875 1445 6951
7178 4 877 768 768 768 693 696 5611 2314 875 1445
7182 4 878 768 768 768 697 700 3051 30271 28 223
7185 4 879 768 768 768 700 703 6354 510 1445 10173
7189 4 880 768 768 768 704 707 17809 28 223 18
7193 4 881 768 768 768 708 711 16 23 28 223
7194 4 882 768 768 768 709 712 26 28 223 18
7195 4 883 768 768 768 710 713 3812 510 1445 1823
7198 4 884 768 768 768 713 716 3605 28 1823 19
7201 4 885 768 768 768 716 719 22 28 223 18
7202 4 886 768 768 768 717 720 68 28 223 18
7203 4 887 768 768 768 718 721 24 70 28 223
7204 4 888 768 768 768 719 722 72 510 1445 1823
7205 4 889 768 768 768 720 723 26 71 28 223
7206 4 890 768 768 768 721 724 67 28 223 18
7207 4 891 768 768 768 722 725 510 1445 11624 28
7210 4 892 768 768 768 725 728 27370 28 223 18
7214 4 893 768 768 768 729 732 16 23 28 223
7215 4 894 768 768 768 730 733 26 510 1445 11624
7216 4 895 768 768 768 731 734 3812 510 1445 10173
7219 4 896 768 768 768 734 737 7010 17243 8721 28
7223 4 897 768 768 768 738 741 223 18 28 223
7225 4 898 768 768 768 740 743 16 23 28 223
7226 4 899 768 768 768 741 744 21 28 223 18
7227 4 900 768 768 768 742 745 5438 510 1445 10173
7231 4 901 768 768 768 746 749 29364 28 223 18
7234 4 902 768 768 768 749 752 5126 510 1445 6951
7236 4 903 768 768 768 751 754 361 60150 28 223
7237 4 904 768 768 768 752 755 1554 361 2728 8618
7238 4 905 768 768 768 753 756 223 18 28 875
7239 4 906 768 768 768 754 757 2728 8618 1018 1445
7242 4 907 768 768 768 757 760 1718 8618 1018 361
7243 4 908 768 768 768 758 761 3846 28 875 1445
7244 4 909 768 768 768 759 762 1018 223 18 28
7245 4 910 768 768 768 760 763 49140 1018 361 6951
7247 4 911 768 768 768 762 765 223 18 28 875
7248 4 912 768 768 768 763 766 818 223 19 28
7249 4 913 768 768 768 764 767 2512 1018 361 818
7250 4 914 768 768 768 765 0 1312 28 223 19
7251 4 915 768 768 768 0 3 1281 510 223 19
7252 4 916 768 768 768 1 4 15207 875 1445 818
7253 4 917 768 768 768 2 5 3816 223 19 28
7254 4 918 768 768 768 3 6 361 818 19 28
7256 4 919 768 768 768 5 8 74 19 28 223
7258 4 920 768 768 768 7 10 1018 1445 818 223
7260 4 921 768 768 768 9 12 7351 241 82266 82266
7261 4 922 768 768 768 10 13 251 201 1445 818
7262 4 923 768 768 768 11 14 113 201 1445 818
7263 4 924 768 768 768 12 15 27459 5392 1281 201
7264 4 925 768 768 768 13 16 13484 201 1445 818
7265 4 926 768 768 768 14 17 19999 201 1445 818
7269 4 927 768 768 768 18 21 6019 32 19 28
7271 4 928 768 768 768 20 23 32838 201 1445 818
7272 4 929 768 768 768 21 24 8295 201 1445 818
7273 4 930 768 768 768 22 25 1718 8618 1018 1445
7274 4 931 768 768 768 23 26 6019 1312 1281 19
7275 4 932 768 768 768 24 27 1018 361 2728 11235
7278 4 933 768 768 768 27 30 74 201 1445 818
7279 4 934 768 768 768 28 31 19 875 1445 818
7280 4 935 768 768 768 29 32 1018 361 818 19
7282 4 936 768 768 768 31 34 27543 223 19 818
7283 4 937 768 768 768 32 35 125430 201 1445 818
7284 4 938 768 768 768 33 36 28 818 223 19
7285 4 939 768 768 768 34 37 10372 13484 1281 201
7287 4 940 768 768 768 36 39 28106 201 361 818
7288 4 941 768 768 768 37 40 49911 201 361 818
7289 4 942 768 768 768 38 41 14 818 63865 2880
7290 4 943 768 768 768 39 42 10659 201 361 818
7291 4 944 768 768 768 40 43 34527 201 361 818
7292 4 945 768 768 768 41 44 14 818 223 19
7293 4 946 768 768 768 42 45 27802 28 6337 57950
7294 4 947 768 768 768 43 46 14 6337 14 12709
7297 4 948 768 768 768 46 49 26316 14 26316 26458
7299 4 949 768 768 768 48 51 50267 26458 361 818
7303 4 950 768 768 768 52 55 63865 2880 11461 1281
7307 4 951 768 768 768 56 59 18 818 223 19
7308 4 952 768 768 768 57 60 223 818 223 19
7309 4 953 768 768 768 58 61 18 223 18 818
7311 4 954 768 768 768 60 63 9931 818 223 19
7312 4 955 768 768 768 61 64 223 818 223 19
7313 4 956 768 768 768 62 65 18320 818 223 19
7314 4 957 768 768 768 63 66 4 67829 1281 6900
7318 4 958 768 768 768 67 70 2272 4771 818 223
7320 4 959 768 768 768 69 72 8396 2880 11461 1281
7321 4 960 768 768 768 70 73 21 1281 6900 2272
7322 4 961 768 768 768 71 74 3964 3816 1445 818
7323 4 962 768 768 768 72 75 17 25133 84499 1281
7324 4 963 768 768 768 73 76 792 3816 1445 818
7325 4 964 768 768 768 74 77 18 1281 6900 2272
7326 4 965 768 768 768 75 78 2283 574 24135 8411
7327 4 966 768 768 768 76 79 27710 3816 1445 818
7328 4 967 768 768 768 77 80 4 67829 1281 6900
7330 4 968 768 768 768 79 82 81041 1281 6900 2272
7331 4 969 768 768 768 80 83 9523 1281 6900 2272
7335 4 970 768 768 768 84 87 4771 8396 37909 9140
7337 4 971 768 768 768 86 89 21 1281 6900 2272
7338 4 972 768 768 768 87 90 3964 3816 1445 818
7339 4 973 768 768 768 88 91 17 25133 84499 1281
7340 4 974 768 768 768 89 92 1357 18 818 223
7341 4 975 768 768 768 90 93 27 1281 6900 2272
7342 4 976 768 768 768 91 94 27684 3957 3816 1445
7343 4 977 768 768 768 92 95 9523 3816 1445 818
7346 4 978 768 768 768 95 98 27543 12709 26458 1445
7348 4 979 768 768 768 97 100 24269 12709 26458 1445
7349 4 980 768 768 768 98 101 26458 1445 818 3465
7353 4 981 768 768 768 102 105 85 26458 1445 818
7354 4 982 768 768 768 103 106 1018 1445 818 20416
7355 4 983 768 768 768 104 107 528 818 20416 41
7359 4 984 768 768 768 108 111 53343 4099 1281 20416
7362 4 985 768 768 768 111 114 21307 4 4099 1281
7363 4 986 768 768 768 112 115 41 53343 4099 1281
7364 4 987 768 768 768 113 116 2673 4 4099 1281
7366 4 988 768 768 768 115 118 1527 1281 21307 3816
7367 4 989 768 768 768 116 119 19 1281 20416 41
7369 4 990 768 768 768 118 121 18 1281 21307 3816
7370 4 991 768 768 768 119 122 84016 383 1281 21307
7372 4 992 768 768 768 121 124 19 1281 19 4
7374 4 993 768 768 768 123 126 18 1281 21307 3816
7375 4 994 768 768 768 124 127 84016 67829 1281 21307
7376 4 995 768 768 768 125 128 1527 1281 21307 3816
7377 4 996 768 768 768 126 129 20 1281 21307 4
7379 4 997 768 768 768 128 131 18 1281 21307 3816
7380 4 998 768 768 768 129 132 84016 383 1281 21307
7382 4 999 768 768 768 131 134 20 1281 21307 3816
7384 4 1000 768 768 768 133 136 1457 18 3816 528
7385 4 1001 768 768 768 134 137 7 3816 528 818
7387 4 1002 768 768 768 136 139 3392 818 19 85
7389 4 1003 768 768 768 138 141 36055 3816 528 818
7390 4 1004 768 768 768 139 142 19469 1281 21307 3816
7392 4 1005 768 768 768 141 144 18 1281 21307 3816
7393 4 1006 768 768 768 142 145 84016 6409 18574 21379
7397 4 1007 768 768 768 146 149 68 19 71 24
7398 4 1008 768 768 768 147 150 26 3816 775 818
7399 4 1009 768 768 768 148 151 70 18 70 1281
7400 4 1010 768 768 768 149 152 617 18 3816 528
7401 4 1011 768 768 768 150 153 23 3816 528 818
