6617 4 0 768 768 768 473 476 9854 36490 201 223
6618 4 1 768 768 768 474 477 6541 201 223 3712
6620 4 2 768 768 768 476 479 52979 45840 22224 9466
6623 4 3 768 768 768 479 482 1018 43274 1018 52979
6625 4 4 768 768 768 481 484 15096 1281 6900 2272
6627 4 5 768 768 768 483 486 267 818 223 19
6628 4 6 768 768 768 484 487 3816 51704 1018 818
6631 4 7 768 768 768 487 490 223 818 3846 1018
6633 4 8 768 768 768 489 492 22348 44106 1281 267
6636 4 9 768 768 768 492 495 34217 15 116025 818
6638 4 10 768 768 768 494 497 26 3816 223 818
6642 4 11 768 768 768 498 501 22348 44106 1281 267
6643 4 12 768 768 768 499 502 2329 1281 267 9895
6645 4 13 768 768 768 501 504 69406 4 305 270
6647 4 14 768 768 768 503 506 3445 1281 12356 818
6650 4 15 768 768 768 506 509 70654 27239 1281 12356
6652 4 16 768 768 768 508 511 14 305 270 6407
6653 4 17 768 768 768 509 512 6069 2880 698 679
6654 4 18 768 768 768 510 513 16057 3816 223 19
6655 4 19 768 768 768 511 514 31 6391 3816 223
6656 4 20 768 768 768 512 515 19 3816 223 818
6657 4 21 768 768 768 513 516 16 455 6407 1281
6658 4 22 768 768 768 514 517 18 4 818 10212
6659 4 23 768 768 768 515 518 3816 223 818 10212
6663 4 24 768 768 768 519 522 32 85 260 8295
6664 4 25 768 768 768 520 523 101055 13484 32 818
6666 4 26 768 768 768 522 525 377 270 49911 1718
6667 4 27 768 768 768 523 526 260 49911 9466 1718
6668 4 28 768 768 768 524 527 406 90265 9466 1718
6670 4 29 768 768 768 526 529 3361 223 818 223
6671 4 30 768 768 768 527 530 22507 201 1718 10212
6672 4 31 768 768 768 528 531 14817 1718 10212 1018
6676 4 32 768 768 768 532 535 223 818 223 818
6678 4 33 768 768 768 534 537 8618 1018 223 818
6680 4 34 768 768 768 536 539 361 818 8618 1018
6681 4 35 768 768 768 537 540 982 8618 1018 361
6682 4 36 768 768 768 538 541 875 361 818 8618
6683 4 37 768 768 768 539 542 1445 818 8618 1018
6684 4 38 768 768 768 540 543 11624 28 41892 125430
6686 4 39 768 768 768 542 545 223 818 223 818
6687 4 40 768 768 768 543 546 18 510 361 818
6689 4 41 768 768 768 545 548 1445 818 8618 1018
6690 4 42 768 768 768 546 549 18953 28 270 6951
6692 4 43 768 768 768 548 551 223 818 8618 1018
6693 4 44 768 768 768 549 552 18 510 361 818
6695 4 45 768 768 768 551 554 1445 818 8618 1018
6696 4 46 768 768 768 552 555 6485 116505 28 270
6699 4 47 768 768 768 555 558 9491 28 270 3197
6700 4 48 768 768 768 556 559 37057 510 361 818
6703 4 49 768 768 768 559 562 1554 361 818 8618
6705 4 50 768 768 768 561 564 3197 875 1445 818
6708 4 51 768 768 768 564 567 6951 28 875 1445
6710 4 52 768 768 768 566 569 9548 78845 875 1445
6712 4 53 768 768 768 568 571 10 18 28 5514
6713 4 54 768 768 768 569 572 10186 510 1445 1823
6714 4 55 768 768 768 570 573 26963 510 1445 1823
6715 4 56 768 768 768 571 574 14 1823 19 71
6717 4 57 768 768 768 573 576 68 510 361 1823
6718 4 58 768 768 768 574 577 21 71 24 28
6719 4 59 768 768 768 575 578 70 18 67 28
6720 4 60 768 768 768 576 579 27 71 28 1823
6721 4 61 768 768 768 577 580 72 18 510 1445
6722 4 62 768 768 768 578 581 20 510 1445 1823
6723 4 63 768 768 768 579 582 223 1823 71 28
6724 4 64 768 768 768 580 583 18 28 1823 71
6725 4 65 768 768 768 581 584 6467 1823 71 28
6727 4 66 768 768 768 583 586 70 18 68 18
6728 4 67 768 768 768 584 587 27 71 24 28
6730 4 68 768 768 768 586 589 1238 68 28 1823
6731 4 69 768 768 768 587 590 25 510 1445 1823
6732 4 70 768 768 768 588 591 223 1823 71 28
6733 4 71 768 768 768 589 592 1457 833 1445 1823
6734 4 72 768 768 768 590 593 7 833 1445 1823
6737 4 73 768 768 768 593 596 1550 47904 28 5514
6740 4 74 768 768 768 596 599 223 1823 5514 28
6741 4 75 768 768 768 597 600 1457 510 1445 5514
6742 4 76 768 768 768 598 601 62331 510 1445 5514
6746 4 77 768 768 768 602 605 28 7397 28 7397
6748 4 78 768 768 768 604 607 510 1445 5514 28
6750 4 79 768 768 768 606 609 19741 24126 28 12628
6753 4 80 768 768 768 609 612 6354 510 1445 12628
6757 4 81 768 768 768 613 616 41779 28 12628 41779
6759 4 82 768 768 768 615 618 6354 510 1445 10173
6763 4 83 768 768 768 619 622 36941 28 10173 36941
6765 4 84 768 768 768 621 624 905 29 1487 59653
6766 4 85 768 768 768 622 625 33373 5670 59653 28
6768 4 86 768 768 768 624 627 22095 28 1487 28
6769 4 87 768 768 768 625 628 1780 22477 80985 510
6770 4 88 768 768 768 626 629 9512 7544 14 1487
6774 4 89 768 768 768 630 633 59653 14 22477 80985
6778 4 90 768 768 768 634 637 510 1445 18953 28
6782 4 91 768 768 768 638 641 223 18 510 1445
6783 4 92 768 768 768 639 642 19 510 1445 1204
6784 4 93 768 768 768 640 643 16 223 18 28
6785 4 94 768 768 768 641 644 23 510 1445 1204
6786 4 95 768 768 768 642 645 3812 510 1445 1204
6788 4 96 768 768 768 644 647 361 6485 48219 28
6789 4 97 768 768 768 645 648 1554 361 1204 15207
6793 4 98 768 768 768 649 652 875 1445 5514 28
6795 4 99 768 768 768 651 654 6951 28 223 18
6797 4 100 768 768 768 653 656 60367 28 5403 37057
6798 4 101 768 768 768 654 657 10 9489 510 1445
6800 4 102 768 768 768 656 659 14 1823 72 28
6801 4 103 768 768 768 657 660 223 9489 28 223
6803 4 104 768 768 768 659 662 14 1823 72 28
6804 4 105 768 768 768 660 663 223 9489 28 223
6806 4 106 768 768 768 662 665 14 1823 72 28
6807 4 107 768 768 768 663 666 223 18 28 223
6809 4 108 768 768 768 665 668 16 1823 95761 510
6810 4 109 768 768 768 666 669 2402 28 223 18
6811 4 110 768 768 768 667 670 833 1445 5514 28
6813 4 111 768 768 768 669 672 52312 84632 28 223
6816 4 112 768 768 768 672 675 34390 28 223 18
6817 4 113 768 768 768 673 676 10 18 28 223
6818 4 114 768 768 768 674 677 22 28 223 18
6819 4 115 768 768 768 675 678 5438 510 1445 18953
6820 4 116 768 768 768 676 679 833 1445 6485 48219
6822 4 117 768 768 768 678 681 9491 41913 28 223
6826 4 118 768 768 768 682 685 20 28 223 18
6827 4 119 768 768 768 683 686 16 23 28 223
6829 4 120 768 768 768 685 688 3812 510 1445 6485
6833 4 121 768 768 768 689 692 48219 28 223 18
6837 4 122 768 768 768 693 696 223 18 28 223
6838 4 123 768 768 768 694 697 397 28 223 18
6839 4 124 768 768 768 695 698 5438 510 1445 18953
6840 4 125 768 768 768 696 699 223 18 28 223
6841 4 126 768 768 768 697 700 1484 28 223 18
6842 4 127 768 768 768 698 701 5438 510 1445 1823
6843 4 128 768 768 768 699 702 565 223 18 28
6844 4 129 768 768 768 700 703 553 28 223 18
6845 4 130 768 768 768 701 704 5438 510 1445 1823
6846 4 131 768 768 768 702 705 60367 10 18 28
6849 4 132 768 768 768 705 708 14 223 18 14
6851 4 133 768 768 768 707 710 1484 14 223 18
6854 4 134 768 768 768 710 713 2122 14 223 18
6858 4 135 768 768 768 714 717 16 223 18 28
6859 4 136 768 768 768 715 718 22 28 223 18
6860 4 137 768 768 768 716 719 754 223 18 28
6861 4 138 768 768 768 717 720 113112 28 223 18
6862 4 139 768 768 768 718 721 223 18 28 223
6864 4 140 768 768 768 720 723 223 18 28 223
6865 4 141 768 768 768 721 724 19 510 1445 1823
6866 4 142 768 768 768 722 725 5438 510 1445 1823
6867 4 143 768 768 768 723 726 223 18 28 223
6868 4 144 768 768 768 724 727 22 28 223 18
6869 4 145 768 768 768 725 728 5438 60367 10 18
6872 4 146 768 768 768 728 731 9489 14 223 18
6875 4 147 768 768 768 731 734 9489 14 223 18
6878 4 148 768 768 768 734 737 9489 14 5403 37057
6880 4 149 768 768 768 736 739 223 18 28 223
6882 4 150 768 768 768 738 741 16 223 18 28
6883 4 151 768 768 768 739 742 26 833 1445 1823
6886 4 152 768 768 768 742 745 18953 28 223 18
6889 4 153 768 768 768 745 748 19 28 223 18
6890 4 154 768 768 768 746 749 16 223 18 28
6891 4 155 768 768 768 747 750 26 28 223 18
6892 4 156 768 768 768 748 751 3812 510 1445 3979
6893 4 157 768 768 768 749 752 223 18 28 223
6894 4 158 768 768 768 750 753 19 510 1445 3979
6895 4 159 768 768 768 751 754 16 223 18 28
6896 4 160 768 768 768 752 755 26 28 223 18
6897 4 161 768 768 768 753 756 3812 510 1445 3979
6898 4 162 768 768 768 754 757 223 18 28 223
6899 4 163 768 768 768 755 758 19 510 1445 3979
6900 4 164 768 768 768 756 759 16 223 18 28
6901 4 165 768 768 768 757 760 20 3812 510 1445
6905 4 166 768 768 768 761 764 3979 27239 28 3979
6908 4 167 768 768 768 764 767 223 18 28 223
6909 4 168 768 768 768 765 0 5234 510 1445 3979
6910 4 169 768 768 768 0 3 18 510 1445 3979
6911 4 170 768 768 768 1 4 5438 510 1445 3979
6914 4 171 768 768 768 4 7 8411 28 223 1457
6918 4 172 768 768 768 8 11 27913 1445 9491 28
6922 4 173 768 768 768 12 15 223 20 5438 510
6923 4 174 768 768 768 13 16 19 510 1445 6485
6924 4 175 768 768 768 14 17 5438 510 1445 6485
6925 4 176 768 768 768 15 18 7527 1823 95761 510
6926 4 177 768 768 768 16 19 60367 10 9489 510
6929 4 178 768 768 768 19 22 14 223 9489 14
6933 4 179 768 768 768 23 26 223 1823 95761 510
6934 4 180 768 768 768 24 27 9489 14 5403 37057
6936 4 181 768 768 768 26 29 223 1823 95761 510
6937 4 182 768 768 768 27 30 18 14 223 18
6938 4 183 768 768 768 28 31 16 223 18 28
6939 4 184 768 768 768 29 32 25 28 223 18
6940 4 185 768 768 768 30 33 833 1445 6485 48219
6941 4 186 768 768 768 31 34 361 9491 28 223
6942 4 187 768 768 768 32 35 1554 361 6485 48219
6944 4 188 768 768 768 34 37 310 510 1445 5514
6945 4 189 768 768 768 35 38 19 28 223 19
6946 4 190 768 768 768 36 39 875 1445 5514 28
6948 4 191 768 768 768 38 41 3051 30271 28 3051
6951 4 192 768 768 768 41 44 6354 510 1445 10173
6955 4 193 768 768 768 45 48 17809 28 223 20
6959 4 194 768 768 768 49 52 16 223 19 28
6960 4 195 768 768 768 50 53 20 3812 510 1445
6964 4 196 768 768 768 54 57 10173 29364 28 223
6968 4 197 768 768 768 58 61 6391 510 1445 7010
6972 4 198 768 768 768 62 65 17243 8721 28 7010
6975 4 199 768 768 768 65 68 223 18 28 223
6977 4 200 768 768 768 67 70 16 223 18 28
6978 4 201 768 768 768 68 71 3663 28 7010 17243
6979 4 202 768 768 768 69 72 381 510 1445 7010
6982 4 203 768 768 768 72 75 3605 28 1823 28
6985 4 204 768 768 768 75 78 19 71 28 223
6986 4 205 768 768 768 76 79 67 28 223 18
6987 4 206 768 768 768 77 80 21 510 1445 1823
6988 4 207 768 768 768 78 81 71 21 510 1445
6989 4 208 768 768 768 79 82 23 71 28 7010
6990 4 209 768 768 768 80 83 69 510 1445 10173
6993 4 210 768 768 768 83 86 3051 48219 28 223
6997 4 211 768 768 768 87 90 20 3812 28 223
6998 4 212 768 768 768 88 91 5438 510 1445 1823
6999 4 213 768 768 768 89 92 223 18 28 223
7000 4 214 768 768 768 90 93 20 3812 28 223
7001 4 215 768 768 768 91 94 5438 510 1445 1823
7002 4 216 768 768 768 92 95 223 18 28 1823
7004 4 217 768 768 768 94 97 60367 10 18 28
7006 4 218 768 768 768 96 99 9489 14 223 18
7009 4 219 768 768 768 99 102 9489 14 223 18
7012 4 220 768 768 768 102 105 9489 14 5403 28
7014 4 221 768 768 768 104 107 223 18 28 223
7016 4 222 768 768 768 106 109 16 1823 28 223
7017 4 223 768 768 768 107 110 25 28 223 18
7018 4 224 768 768 768 108 111 833 1445 1823 28
7020 4 225 768 768 768 110 113 11624 28 223 18
