6617 4 0 768 768 768 473 476 9854 36490 201 223
6618 4 1 768 768 768 474 477 6541 201 223 3712
6620 4 2 768 768 768 476 479 52979 45840 22224 9466
6623 4 3 768 768 768 479 482 1018 43274 1018 52979
6625 4 4 768 768 768 481 484 15096 1281 6900 2272
6627 4 5 768 768 768 483 486 267 818 223 19
6628 4 6 768 768 768 484 487 3816 51704 1018 818
6631 4 7 768 768 768 487 490 223 818 3846 1018
6633 4 8 768 768 768 489 492 22348 44106 1281 267
6636 4 9 768 768 768 492 495 34217 15 116025 818
6638 4 10 768 768 768 494 497 26 3816 223 818
6642 4 11 768 768 768 498 501 22348 44106 1281 267
6643 4 12 768 768 768 499 502 2329 1281 267 9895
6645 4 13 768 768 768 501 504 69406 4 305 270
6647 4 14 768 768 768 503 506 3445 1281 12356 818
6650 4 15 768 768 768 506 509 70654 27239 1281 12356
6652 4 16 768 768 768 508 511 14 305 270 6407
6653 4 17 768 768 768 509 512 6069 2880 698 679
6654 4 18 768 768 768 510 513 16057 3816 223 19
6655 4 19 768 768 768 511 514 31 6391 3816 223
6656 4 20 768 768 768 512 515 19 3816 223 818
6657 4 21 768 768 768 513 516 16 455 6407 1281
6658 4 22 768 768 768 514 517 18 4 818 10212
6659 4 23 768 768 768 515 518 3816 223 818 10212
6663 4 24 768 768 768 519 522 32 85 260 8295
6664 4 25 768 768 768 520 523 101055 13484 32 818
6666 4 26 768 768 768 522 525 377 270 49911 1718
6667 4 27 768 768 768 523 526 260 49911 9466 1718
6668 4 28 768 768 768 524 527 406 90265 9466 1718
6670 4 29 768 768 768 526 529 3361 223 818 223
6671 4 30 768 768 768 527 530 22507 201 1718 10212
6672 4 31 768 768 768 528 531 14817 1718 10212 1018
6676 4 32 768 768 768 532 535 223 818 223 818
6678 4 33 768 768 768 534 537 8618 1018 223 818
6680 4 34 768 768 768 536 539 361 818 8618 1018
6681 4 35 768 768 768 537 540 982 8618 1018 361
6682 4 36 768 768 768 538 541 875 361 818 8618
6683 4 37 768 768 768 539 542 1445 818 8618 1018
6684 4 38 768 768 768 540 543 11624 28 41892 125430
6686 4 39 768 768 768 542 545 223 818 223 818
6687 4 40 768 768 768 543 546 18 510 361 818
6689 4 41 768 768 768 545 548 1445 818 8618 1018
6690 4 42 768 768 768 546 549 18953 28 270 6951
6692 4 43 768 768 768 548 551 223 818 8618 1018
6693 4 44 768 768 768 549 552 18 510 361 818
6695 4 45 768 768 768 551 554 1445 818 8618 1018
6696 4 46 768 768 768 552 555 6485 116505 28 270
6699 4 47 768 768 768 555 558 9491 28 270 3197
6700 4 48 768 768 768 556 559 37057 510 361 818
6703 4 49 768 768 768 559 562 1554 361 818 8618
6705 4 50 768 768 768 561 564 3197 875 1445 818
6708 4 51 768 768 768 564 567 6951 28 875 1445
6710 4 52 768 768 768 566 569 9548 78845 875 1445
6712 4 53 768 768 768 568 571 10 18 28 5514
6713 4 54 768 768 768 569 572 10186 510 1445 1823
6714 4 55 768 768 768 570 573 26963 510 1445 1823
6715 4 56 768 768 768 571 574 14 1823 19 71
6717 4 57 768 768 768 573 576 68 510 361 1823
6718 4 58 768 768 768 574 577 21 71 24 28
6719 4 59 768 768 768 575 578 70 18 67 28
6720 4 60 768 768 768 576 579 27 71 28 1823
6721 4 61 768 768 768 577 580 72 18 510 1445
6722 4 62 768 768 768 578 581 20 510 1445 1823
6723 4 63 768 768 768 579 582 223 1823 71 28
6724 4 64 768 768 768 580 583 18 28 1823 71
6725 4 65 768 768 768 581 584 6467 1823 71 28
6727 4 66 768 768 768 583 586 70 18 68 18
6728 4 67 768 768 768 584 587 27 71 24 28
6730 4 68 768 768 768 586 589 1238 68 28 1823
6731 4 69 768 768 768 587 590 25 510 1445 1823
6732 4 70 768 768 768 588 591 223 1823 71 28
6733 4 71 768 768 768 589 592 1457 833 1445 1823
6734 4 72 768 768 768 590 593 7 833 1445 1823
6737 4 73 768 768 768 593 596 1550 47904 28 5514
6740 4 74 768 768 768 596 599 223 1823 5514 28
6741 4 75 768 768 768 597 600 1457 510 1445 5514
6742 4 76 768 768 768 598 601 62331 510 1445 5514
6746 4 77 768 768 768 602 605 28 7397 28 7397
6748 4 78 768 768 768 604 607 510 1445 5514 28
6750 4 79 768 768 768 606 609 19741 24126 28 12628
6753 4 80 768 768 768 609 612 6354 510 1445 12628
6757 4 81 768 768 768 613 616 41779 28 12628 41779
6759 4 82 768 768 768 615 618 6354 510 1445 10173
6763 4 83 768 768 768 619 622 36941 28 10173 36941
6765 4 84 768 768 768 621 624 905 29 1487 59653
6766 4 85 768 768 768 622 625 33373 5670 59653 28
6768 4 86 768 768 768 624 627 22095 28 1487 28
6769 4 87 768 768 768 625 628 1780 22477 80985 510
6770 4 88 768 768 768 626 629 9512 7544 14 1487
6774 4 89 768 768 768 630 633 59653 14 22477 80985
6778 4 90 768 768 768 634 637 510 1445 18953 28
6782 4 91 768 768 768 638 641 223 18 510 1445
6783 4 92 768 768 768 639 642 19 510 1445 1204
6784 4 93 768 768 768 640 643 16 223 18 28
6785 4 94 768 768 768 641 644 23 510 1445 1204
6786 4 95 768 768 768 642 645 3812 510 1445 1204
6788 4 96 768 768 768 644 647 361 6485 48219 28
6789 4 97 768 768 768 645 648 1554 361 1204 15207
6793 4 98 768 768 768 649 652 875 1445 5514 28
6795 4 99 768 768 768 651 654 6951 28 223 18
6797 4 100 768 768 768 653 656 60367 28 5403 37057
6798 4 101 768 768 768 654 657 10 9489 510 1445
6800 4 102 768 768 768 656 659 14 1823 72 28
6801 4 103 768 768 768 657 660 223 9489 28 223
6803 4 104 768 768 768 659 662 14 1823 72 28
6804 4 105 768 768 768 660 663 223 9489 28 223
6806 4 106 768 768 768 662 665 14 1823 72 28
6807 4 107 768 768 768 663 666 223 18 28 223
6809 4 108 768 768 768 665 668 16 1823 95761 510
6810 4 109 768 768 768 666 669 2402 28 223 18
6811 4 110 768 768 768 667 670 833 1445 5514 28
6813 4 111 768 768 768 669 672 52312 84632 28 223
6816 4 112 768 768 768 672 675 34390 28 223 18
6817 4 113 768 768 768 673 676 10 18 28 223
6818 4 114 768 768 768 674 677 22 28 223 18
6819 4 115 768 768 768 675 678 5438 510 1445 18953
6820 4 116 768 768 768 676 679 833 1445 6485 48219
6822 4 117 768 768 768 678 681 9491 41913 28 223
6826 4 118 768 768 768 682 685 20 28 223 18
6827 4 119 768 768 768 683 686 16 23 28 223
6829 4 120 768 768 768 685 688 3812 510 1445 6485
6833 4 121 768 768 768 689 692 48219 28 223 18
6837 4 122 768 768 768 693 696 223 18 28 223
6838 4 123 768 768 768 694 697 397 28 223 18
6839 4 124 768 768 768 695 698 5438 510 1445 18953
6840 4 125 768 768 768 696 699 223 18 28 223
6841 4 126 768 768 768 697 700 1484 28 223 18
6842 4 127 768 768 768 698 701 5438 510 1445 1823
6843 4 128 768 768 768 699 702 565 223 18 28
6844 4 129 768 768 768 700 703 553 28 223 18
6845 4 130 768 768 768 701 704 5438 510 1445 1823
6846 4 131 768 768 768 702 705 60367 10 18 28
6849 4 132 768 768 768 705 708 14 223 18 14
6851 4 133 768 768 768 707 710 1484 14 223 18
6854 4 134 768 768 768 710 713 2122 14 223 18
6858 4 135 768 768 768 714 717 16 223 18 28
6859 4 136 768 768 768 715 718 22 28 223 18
6860 4 137 768 768 768 716 719 754 223 18 28
6861 4 138 768 768 768 717 720 113112 28 223 18
6862 4 139 768 768 768 718 721 223 18 28 223
6864 4 140 768 768 768 720 723 223 18 28 223
6865 4 141 768 768 768 721 724 19 510 1445 1823
6866 4 142 768 768 768 722 725 5438 510 1445 1823
6867 4 143 768 768 768 723 726 223 18 28 223
6868 4 144 768 768 768 724 727 22 28 223 18
6869 4 145 768 768 768 725 728 5438 60367 10 18
6872 4 146 768 768 768 728 731 9489 14 223 18
6875 4 147 768 768 768 731 734 9489 14 223 18
6878 4 148 768 768 768 734 737 9489 14 5403 37057
6880 4 149 768 768 768 736 739 223 18 28 223
6882 4 150 768 768 768 738 741 16 223 18 28
6883 4 151 768 768 768 739 742 26 833 1445 1823
6886 4 152 768 768 768 742 745 18953 28 223 18
6889 4 153 768 768 768 745 748 19 28 223 18
6890 4 154 768 768 768 746 749 16 223 18 28
6891 4 155 768 768 768 747 750 26 28 223 18
6892 4 156 768 768 768 748 751 3812 510 1445 3979
6893 4 157 768 768 768 749 752 223 18 28 223
6894 4 158 768 768 768 750 753 19 510 1445 3979
6895 4 159 768 768 768 751 754 16 223 18 28
6896 4 160 768 768 768 752 755 26 28 223 18
6897 4 161 768 768 768 753 756 3812 510 1445 3979
6898 4 162 768 768 768 754 757 223 18 28 223
6899 4 163 768 768 768 755 758 19 510 1445 3979
6900 4 164 768 768 768 756 759 16 223 18 28
6901 4 165 768 768 768 757 760 20 3812 510 1445
6905 4 166 768 768 768 761 764 3979 27239 28 3979
6908 4 167 768 768 768 764 767 223 18 28 223
6909 4 168 768 768 768 765 0 5234 510 1445 3979
6910 4 169 768 768 768 0 3 18 510 1445 3979
6911 4 170 768 768 768 1 4 5438 510 1445 3979
6914 4 171 768 768 768 4 7 8411 28 223 1457
6918 4 172 768 768 768 8 11 27913 1445 9491 28
6922 4 173 768 768 768 12 15 223 20 5438 510
6923 4 174 768 768 768 13 16 19 510 1445 6485
6924 4 175 768 768 768 14 17 5438 510 1445 6485
6925 4 176 768 768 768 15 18 7527 1823 95761 510
6926 4 177 768 768 768 16 19 60367 10 9489 510
6929 4 178 768 768 768 19 22 14 223 9489 14
6933 4 179 768 768 768 23 26 223 1823 95761 510
6934 4 180 768 768 768 24 27 9489 14 5403 37057
6936 4 181 768 768 768 26 29 223 1823 95761 510
6937 4 182 768 768 768 27 30 18 14 223 18
6938 4 183 768 768 768 28 31 16 223 18 28
6939 4 184 768 768 768 29 32 25 28 223 18
6940 4 185 768 768 768 30 33 833 1445 6485 48219
6941 4 186 768 768 768 31 34 361 9491 28 223
6942 4 187 768 768 768 32 35 1554 361 6485 48219
6944 4 188 768 768 768 34 37 310 510 1445 5514
6945 4 189 768 768 768 35 38 19 28 223 19
6946 4 190 768 768 768 36 39 875 1445 5514 28
6948 4 191 768 768 768 38 41 3051 30271 28 3051
6951 4 192 768 768 768 41 44 6354 510 1445 10173
6955 4 193 768 768 768 45 48 17809 28 223 20
6959 4 194 768 768 768 49 52 16 223 19 28
6960 4 195 768 768 768 50 53 20 3812 510 1445
6964 4 196 768 768 768 54 57 10173 29364 28 223
6968 4 197 768 768 768 58 61 6391 510 1445 7010
6972 4 198 768 768 768 62 65 17243 8721 28 7010
6975 4 199 768 768 768 65 68 223 18 28 223
6977 4 200 768 768 768 67 70 16 223 18 28
6978 4 201 768 768 768 68 71 3663 28 7010 17243
6979 4 202 768 768 768 69 72 381 510 1445 7010
6982 4 203 768 768 768 72 75 3605 28 1823 28
6985 4 204 768 768 768 75 78 19 71 28 223
6986 4 205 768 768 768 76 79 67 28 223 18
6987 4 206 768 768 768 77 80 21 510 1445 1823
6988 4 207 768 768 768 78 81 71 21 510 1445
6989 4 208 768 768 768 79 82 23 71 28 7010
6990 4 209 768 768 768 80 83 69 510 1445 10173
6993 4 210 768 768 768 83 86 3051 48219 28 223
6997 4 211 768 768 768 87 90 20 3812 28 223
6998 4 212 768 768 768 88 91 5438 510 1445 1823
6999 4 213 768 768 768 89 92 223 18 28 223
7000 4 214 768 768 768 90 93 20 3812 28 223
7001 4 215 768 768 768 91 94 5438 510 1445 1823
7002 4 216 768 768 768 92 95 223 18 28 1823
7004 4 217 768 768 768 94 97 60367 10 18 28
7006 4 218 768 768 768 96 99 9489 14 223 18
7009 4 219 768 768 768 99 102 9489 14 223 18
7012 4 220 768 768 768 102 105 9489 14 5403 28
7014 4 221 768 768 768 104 107 223 18 28 223
7016 4 222 768 768 768 106 109 16 1823 28 223
7017 4 223 768 768 768 107 110 25 28 223 18
7018 4 224 768 768 768 108 111 833 1445 1823 28
7020 4 225 768 768 768 110 113 11624 28 223 18
7021 4 226 768 768 768 111 114 27370 28 223 18
7023 4 227 768 768 768 113 116 565 223 18 28
7024 4 228 768 768 768 114 117 18 16 223 18
7026 4 229 768 768 768 116 119 22 28 223 18
7027 4 230 768 768 768 117 120 3812 510 1445 7010
7030 4 231 768 768 768 120 123 11624 35865 28 223
7034 4 232 768 768 768 124 127 18 510 1445 10173
7035 4 233 768 768 768 125 128 16 23 28 223
7036 4 234 768 768 768 126 129 26 28 223 18
7037 4 235 768 768 768 127 130 3812 510 1445 1204
7040 4 236 768 768 768 130 133 5514 28 7397 28
7043 4 237 768 768 768 133 136 510 1445 12628 41779
7047 4 238 768 768 768 137 140 28 6354 28 223
7049 4 239 768 768 768 139 142 510 1445 19741 24126
7053 4 240 768 768 768 143 146 28 223 18 28
7054 4 241 768 768 768 144 147 6354 510 1445 19741
7057 4 242 768 768 768 147 150 12912 28 223 18
7061 4 243 768 768 768 151 154 16 223 18 28
7062 4 244 768 768 768 152 155 24 28 223 18
7063 4 245 768 768 768 153 156 3812 510 1445 1204
7065 4 246 768 768 768 155 158 361 10173 17809 28
7066 4 247 768 768 768 156 159 1554 361 1204 5635
7068 4 248 768 768 768 158 161 310 28 875 1445
7069 4 249 768 768 768 159 162 19 28 875 1445
7070 4 250 768 768 768 160 163 19369 28 875 1445
7071 4 251 768 768 768 161 164 875 1445 10173 17809
7073 4 252 768 768 768 163 166 6951 28 223 19
7075 4 253 768 768 768 165 168 1823 19 28 223
7077 4 254 768 768 768 167 170 67 21 510 1445
7079 4 255 768 768 768 169 172 71 21 510 1445
7080 4 256 768 768 768 170 173 23 71 24126 28
7081 4 257 768 768 768 171 174 69 510 1445 10173
7084 4 258 768 768 768 174 177 3605 28 5403 37057
7086 4 259 768 768 768 176 179 1823 70 28 10173
7087 4 260 768 768 768 177 180 72 18 28 10173
7089 4 261 768 768 768 179 182 72 18 510 1445
7090 4 262 768 768 768 180 183 27 71 24126 28
7091 4 263 768 768 768 181 184 617 510 1445 10173
7095 4 264 768 768 768 185 188 17809 28 223 18
7098 4 265 768 768 768 188 191 19 510 1445 10173
7099 4 266 768 768 768 189 192 3812 510 1445 10173
7102 4 267 768 768 768 192 195 18953 28 223 18
7106 4 268 768 768 768 196 199 16 18 28 223
7107 4 269 768 768 768 197 200 20 28 223 18
7108 4 270 768 768 768 198 201 3812 510 1445 7010
7109 4 271 768 768 768 199 202 223 18 16 223
7110 4 272 768 768 768 200 203 19 510 1445 7010
7111 4 273 768 768 768 201 204 3812 510 1445 9491
7115 4 274 768 768 768 205 208 41913 28 223 18
7118 4 275 768 768 768 208 211 1484 510 1445 10173
7119 4 276 768 768 768 209 212 5438 510 1445 10173
7122 4 277 768 768 768 212 215 7010 17243 8721 28
7126 4 278 768 768 768 216 219 223 18 28 223
7128 4 279 768 768 768 218 221 16 18 28 7010
7129 4 280 768 768 768 219 222 19 510 1445 7010
7130 4 281 768 768 768 220 223 381 510 1445 7010
7133 4 282 768 768 768 223 226 10173 29364 28 223
7137 4 283 768 768 768 227 230 5126 510 1445 6485
7141 4 284 768 768 768 231 234 48219 28 223 18
7143 4 285 768 768 768 233 236 113112 223 18 28
7146 4 286 768 768 768 236 239 223 18 28 223
7147 4 287 768 768 768 237 240 19 510 1445 10173
7148 4 288 768 768 768 238 241 5438 510 1445 6485
7149 4 289 768 768 768 239 242 223 18 28 223
7150 4 290 768 768 768 240 243 21 510 1445 6485
7151 4 291 768 768 768 241 244 5438 510 1445 6485
7152 4 292 768 768 768 242 245 60367 10 18 28
7155 4 293 768 768 768 245 248 14 1823 19 28
7156 4 294 768 768 768 246 249 18 510 1445 1823
7157 4 295 768 768 768 247 250 14 1823 19 28
7158 4 296 768 768 768 248 251 18 510 1445 1823
7159 4 297 768 768 768 249 252 14 18 28 223
7161 4 298 768 768 768 251 254 16 18 28 223
7162 4 299 768 768 768 252 255 20 28 223 18
7163 4 300 768 768 768 253 256 833 1445 10173 17809
7164 4 301 768 768 768 254 257 361 10173 17809 28
7165 4 302 768 768 768 255 258 1554 361 875 1445
7167 4 303 768 768 768 257 260 12710 73 875 1445
7171 4 304 768 768 768 261 264 5514 28 5514 28
7173 4 305 768 768 768 263 266 5603 510 1445 8411
7177 4 306 768 768 768 267 270 28 223 18 510
7179 4 307 768 768 768 269 272 1457 27913 1445 8411
7182 4 308 768 768 768 272 275 7039 28 223 18
7184 4 309 768 768 768 274 277 11180 510 1445 6951
7187 4 310 768 768 768 277 280 9491 41913 28 223
7191 4 311 768 768 768 281 284 19 510 1445 1823
7192 4 312 768 768 768 282 285 16 23 510 1445
7193 4 313 768 768 768 283 286 26 28 223 18
7194 4 314 768 768 768 284 287 3812 510 1445 6951
7198 4 315 768 768 768 288 291 28 223 18 510
7199 4 316 768 768 768 289 292 1823 70 48219 28
7200 4 317 768 768 768 290 293 71 24 510 1445
7201 4 318 768 768 768 291 294 25 71 28 6485
7202 4 319 768 768 768 292 295 72 18 510 1445
7203 4 320 768 768 768 293 296 21 28 6485 48219
7204 4 321 768 768 768 294 297 11045 510 1445 6485
7208 4 322 768 768 768 298 301 48219 28 223 18
7210 4 323 768 768 768 300 303 113112 223 18 28
7213 4 324 768 768 768 303 306 223 18 510 1445
7215 4 325 768 768 768 305 308 223 18 510 1445
7217 4 326 768 768 768 307 310 223 18 510 1445
7218 4 327 768 768 768 308 311 19 5438 510 1445
7220 4 328 768 768 768 310 313 60367 10 18 510
7222 4 329 768 768 768 312 315 9489 14 223 18
7225 4 330 768 768 768 315 318 9489 14 5403 37057
7227 4 331 768 768 768 317 320 223 18 28 5403
7228 4 332 768 768 768 318 321 9489 14 5403 37057
7230 4 333 768 768 768 320 323 223 18 28 5403
7232 4 334 768 768 768 322 325 16 1823 95761 510
7233 4 335 768 768 768 323 326 26 28 223 18
7234 4 336 768 768 768 324 327 754 223 18 28
7237 4 337 768 768 768 327 330 223 18 510 1445
7238 4 338 768 768 768 328 331 26 5438 510 1445
7240 4 339 768 768 768 330 333 223 18 28 60367
7241 4 340 768 768 768 331 334 864 5438 510 1445
7243 4 341 768 768 768 333 336 565 18 28 60367
7244 4 342 768 768 768 334 337 24 28 60367 10
7245 4 343 768 768 768 335 338 5438 60367 10 18
7249 4 344 768 768 768 339 342 14 223 18 28
7251 4 345 768 768 768 341 344 1059 510 1445 1823
7252 4 346 768 768 768 342 345 14 223 18 28
7254 4 347 768 768 768 344 347 1328 14 1823 18
7256 4 348 768 768 768 346 349 223 18 28 1823
7258 4 349 768 768 768 348 351 16 1823 18 28
7259 4 350 768 768 768 349 352 21 28 223 18
7260 4 351 768 768 768 350 353 833 1445 1823 223
7261 4 352 768 768 768 351 354 361 6951 28 223
7262 4 353 768 768 768 352 355 1554 361 2728 63865
7264 4 354 768 768 768 354 357 1204 68 28 875
7265 4 355 768 768 768 355 358 42812 875 1445 6951
7266 4 356 768 768 768 356 359 5611 2314 28 223
7268 4 357 768 768 768 358 361 875 1445 5514 28
7270 4 358 768 768 768 360 363 3051 30271 28 3051
7273 4 359 768 768 768 363 366 6354 510 1445 11624
7276 4 360 768 768 768 366 369 10173 17809 28 223
7280 4 361 768 768 768 370 373 18 510 1445 10173
7281 4 362 768 768 768 371 374 16 223 18 28
7282 4 363 768 768 768 372 375 2402 28 223 18
7283 4 364 768 768 768 373 376 3812 510 1445 1823
7286 4 365 768 768 768 376 379 3605 28 1823 28
7289 4 366 768 768 768 379 382 20 71 28 223
7290 4 367 768 768 768 380 383 68 28 223 18
7291 4 368 768 768 768 381 384 23 71 28 223
7292 4 369 768 768 768 382 385 67 28 223 18
7293 4 370 768 768 768 383 386 25 28 223 18
7294 4 371 768 768 768 384 387 67 28 223 18
7295 4 372 768 768 768 385 388 510 1445 11624 28
7298 4 373 768 768 768 388 391 27370 28 223 18
7302 4 374 768 768 768 392 395 16 223 18 28
7303 4 375 768 768 768 393 396 26 28 223 18
7304 4 376 768 768 768 394 397 3812 510 1445 7010
7308 4 377 768 768 768 398 401 17243 8721 28 223
7312 4 378 768 768 768 402 405 18 16 223 18
7314 4 379 768 768 768 404 407 20 28 223 18
7315 4 380 768 768 768 405 408 381 510 1445 7010
7318 4 381 768 768 768 408 411 3051 101314 28 223
7321 4 382 768 768 768 411 414 69790 510 1445 60150
7325 4 383 768 768 768 415 418 28 223 18 28
7328 4 384 768 768 768 418 421 16 223 18 28
7329 4 385 768 768 768 419 422 26 28 223 18
7330 4 386 768 768 768 420 423 510 1445 10173 29364
7331 4 387 768 768 768 421 424 361 10173 29364 28
7332 4 388 768 768 768 422 425 1554 361 2728 8618
7333 4 389 768 768 768 423 426 223 2728 8618 28
7336 4 390 768 768 768 426 429 1018 361 875 1445
7337 4 391 768 768 768 427 430 1718 8618 28 875
7338 4 392 768 768 768 428 431 3846 28 875 1445
7339 4 393 768 768 768 429 432 1018 223 18 28
7340 4 394 768 768 768 430 433 49140 1018 361 6951
7342 4 395 768 768 768 432 435 223 15420 223 1823
7343 4 396 768 768 768 433 436 818 223 19 28
7344 4 397 768 768 768 434 437 2512 1018 223 818
7345 4 398 768 768 768 435 438 1312 28 223 818
7346 4 399 768 768 768 436 439 1281 510 223 818
7347 4 400 768 768 768 437 440 15207 510 223 818
7348 4 401 768 768 768 438 441 3816 223 818 223
7349 4 402 768 768 768 439 442 361 818 19 28
7351 4 403 768 768 768 441 444 74 510 223 19
7352 4 404 768 768 768 442 445 19 28 223 19
7353 4 405 768 768 768 443 446 1018 1445 818 6019
7355 4 406 768 768 768 445 448 7351 241 201 1445
7356 4 407 768 768 768 446 449 251 201 1445 818
7357 4 408 768 768 768 447 450 113 201 1445 818
7358 4 409 768 768 768 448 451 27459 28 539 1445
7359 4 410 768 768 768 449 452 13484 201 1445 818
7360 4 411 768 768 768 450 453 19999 201 1445 818
7364 4 412 768 768 768 454 457 6019 32 19 28
7366 4 413 768 768 768 456 459 32838 201 1445 818
7367 4 414 768 768 768 457 460 8295 201 361 2728
7368 4 415 768 768 768 458 461 1718 8618 1018 361
7369 4 416 768 768 768 459 462 6019 1018 1445 818
7371 4 417 768 768 768 461 464 361 818 223 19
7372 4 418 768 768 768 462 465 2728 8618 1018 1445
7373 4 419 768 768 768 463 466 74 201 1445 818
7374 4 420 768 768 768 464 467 19 28 223 19
7375 4 421 768 768 768 465 468 1018 361 818 19
7378 4 422 768 768 768 468 471 63865 1018 1445 818
7379 4 423 768 768 768 469 472 2880 11461 1281 6900
7382 4 424 768 768 768 472 475 18 510 1445 818
7383 4 425 768 768 768 473 476 223 818 223 19
7384 4 426 768 768 768 474 477 18 510 1445 818
7385 4 427 768 768 768 475 478 223 818 223 19
7386 4 428 768 768 768 476 479 9931 510 1445 818
7387 4 429 768 768 768 477 480 223 818 223 19
7388 4 430 768 768 768 478 481 18320 3816 1445 818
7389 4 431 768 768 768 479 482 4 67829 1281 6900
7393 4 432 768 768 768 483 486 2272 4771 3816 1445
7395 4 433 768 768 768 485 488 8396 818 223 19
7396 4 434 768 768 768 486 489 21 3816 1445 818
7397 4 435 768 768 768 487 490 3964 3816 1445 818
7398 4 436 768 768 768 488 491 17 11461 1281 6900
7399 4 437 768 768 768 489 492 792 3816 1445 818
7400 4 438 768 768 768 490 493 18 3816 1445 818
7401 4 439 768 768 768 491 494 2283 574 24135 8411
7402 4 440 768 768 768 492 495 27710 3816 1445 818
7403 4 441 768 768 768 493 496 4 67829 1281 6900
7405 4 442 768 768 768 495 498 81041 1281 6900 2272
7406 4 443 768 768 768 496 499 9523 1281 6900 2272
7410 4 444 768 768 768 500 503 4771 8396 37909 9140
7412 4 445 768 768 768 502 505 21 1281 6900 2272
7413 4 446 768 768 768 503 506 3964 3816 1445 818
7414 4 447 768 768 768 504 507 17 792 3816 1445
7415 4 448 768 768 768 505 508 1357 18 818 6900
7416 4 449 768 768 768 506 509 27 1281 6900 2272
7417 4 450 768 768 768 507 510 27684 3957 3816 1445
7418 4 451 768 768 768 508 511 9523 3816 1445 818
7421 4 452 768 768 768 511 514 27543 12709 26458 1445
7423 4 453 768 768 768 513 516 24269 12709 26458 1445
7424 4 454 768 768 768 514 517 26458 1445 818 3465
7428 4 455 768 768 768 518 521 85 26458 1445 818
7429 4 456 768 768 768 519 522 1018 528 818 20416
7433 4 457 768 768 768 523 526 41 53343 4099 1281
7437 4 458 768 768 768 527 530 21307 3816 528 818
7438 4 459 768 768 768 528 531 41 53343 4099 1281
7439 4 460 768 768 768 529 532 2673 536 41 2673
7440 4 461 768 768 768 530 533 4 4099 1281 20416
7441 4 462 768 768 768 531 534 1527 1281 19 818
7442 4 463 768 768 768 532 535 19 1281 19 818
7444 4 464 768 768 768 534 537 18 1281 19 818
7445 4 465 768 768 768 535 538 84016 383 1281 19
7447 4 466 768 768 768 537 540 19 1281 19 4
7449 4 467 768 768 768 539 542 18 4 4099 1281
7450 4 468 768 768 768 540 543 84016 67829 1281 21307
7451 4 469 768 768 768 541 544 1527 1281 21307 3816
7452 4 470 768 768 768 542 545 20 1281 21307 3816
7454 4 471 768 768 768 544 547 18 1281 21307 3816
7455 4 472 768 768 768 545 548 84016 383 1281 21307
7457 4 473 768 768 768 547 550 20 1281 21307 3816
7459 4 474 768 768 768 549 552 1457 18 3816 528
7460 4 475 768 768 768 550 553 7 3816 528 818
7462 4 476 768 768 768 552 555 3392 818 19 8411
7464 4 477 768 768 768 554 557 36055 4099 1281 19
7465 4 478 768 768 768 555 558 19469 1281 19 818
7467 4 479 768 768 768 557 560 18 1281 21307 3816
7468 4 480 768 768 768 558 561 84016 6409 18574 21379
7472 4 481 768 768 768 562 565 68 19 71 24
7473 4 482 768 768 768 563 566 26 3816 775 818
7474 4 483 768 768 768 564 567 70 18 3816 775
7475 4 484 768 768 768 565 568 617 3816 775 818
7476 4 485 768 768 768 566 569 23 3816 528 818
7477 4 486 768 768 768 567 570 39278 528 818 19
7478 4 487 768 768 768 568 571 3392 818 19 818
7480 4 488 768 768 768 570 573 36055 19469 1281 21307
7483 4 489 768 768 768 573 576 2122 84016 10292 528
7485 4 490 768 768 768 575 578 6409 18574 21379 71
7488 4 491 768 768 768 578 581 70 18 70 24
7489 4 492 768 768 768 579 582 27 71 24 70
7490 4 493 768 768 768 580 583 15357 18 3816 528
7491 4 494 768 768 768 581 584 67 3816 528 818
7492 4 495 768 768 768 582 585 39278 528 818 36055
7493 4 496 768 768 768 583 586 3392 818 36055 19469
7497 4 497 768 768 768 587 590 1281 18 70 1281
7498 4 498 768 768 768 588 591 1457 18 818 36055
7499 4 499 768 768 768 589 592 84016 6409 18574 21379
7503 4 500 768 768 768 593 596 72 18 70 1281
7505 4 501 768 768 768 595 598 72 18 70 1281
7506 4 502 768 768 768 596 599 27 72 3816 528
7507 4 503 768 768 768 597 600 617 3816 528 818
7508 4 504 768 768 768 598 601 39278 528 818 20416
7510 4 505 768 768 768 600 603 2728 3465 6409 1281
7511 4 506 768 768 768 601 604 20416 41 53343 4099
7514 4 507 768 768 768 604 607 1018 528 818 20416
7518 4 508 768 768 768 608 611 41 53343 4099 1281
7522 4 509 768 768 768 612 615 12813 3816 775 818
7523 4 510 768 768 768 613 616 41 53343 4099 1281
7524 4 511 768 768 768 614 617 2673 1281 2673 536
7525 4 512 768 768 768 615 618 4 1527 1281 18
7527 4 513 768 768 768 617 620 19 1281 18 818
7530 4 514 768 768 768 620 623 84016 383 1281 18
7532 4 515 768 768 768 622 625 19 1281 18 4
7535 4 516 768 768 768 625 628 84016 6409 18574 21379
7536 4 517 768 768 768 626 629 1527 1281 18 818
7537 4 518 768 768 768 627 630 20 1281 18 818
7540 4 519 768 768 768 630 633 84016 6409 18574 21379
7541 4 520 768 768 768 631 634 383 20 3816 3392
7543 4 521 768 768 768 633 636 1281 18 3816 3392
7544 4 522 768 768 768 634 637 1457 7 3816 3392
7548 4 523 768 768 768 638 641 818 19469 1281 18
7549 4 524 768 768 768 639 642 36055 1281 18 818
7550 4 525 768 768 768 640 643 19469 1281 18 818
7553 4 526 768 768 768 643 646 84016 6409 18574 21379
7557 4 527 768 768 768 647 650 23 68 24 68
7558 4 528 768 768 768 648 651 72 18 68 1281
7559 4 529 768 768 768 649 652 24 68 24 3816
7561 4 530 768 768 768 651 654 25 67 1281 36055
7563 4 531 768 768 768 653 656 39278 3392 818 36055
7567 4 532 768 768 768 657 660 19469 1281 36055 18574
7569 4 533 768 768 768 659 662 1457 7 70 818
7570 4 534 768 768 768 660 663 84016 6409 18574 21379
7574 4 535 768 768 768 664 667 21 68 21 70
7575 4 536 768 768 768 665 668 70 18 68 18
7576 4 537 768 768 768 666 669 22 71 24 818
7577 4 538 768 768 768 667 670 67 23 3816 3392
7578 4 539 768 768 768 668 671 3175 3816 3392 818
7579 4 540 768 768 768 669 672 39278 528 818 36055
7581 4 541 768 768 768 671 674 2728 73 1018 528
7582 4 542 768 768 768 672 675 20416 41 53343 818
7585 4 543 768 768 768 675 678 1018 528 818 20416
7589 4 544 768 768 768 679 682 41 53343 4099 1281
7593 4 545 768 768 768 683 686 88399 1281 2673 536
7594 4 546 768 768 768 684 687 41 2673 536 818
7596 4 547 768 768 768 686 689 4 6409 1281 18
7597 4 548 768 768 768 687 690 1527 1281 18 818
7598 4 549 768 768 768 688 691 19 1281 18 818
7601 4 550 768 768 768 691 694 84016 6409 18574 21379
7602 4 551 768 768 768 692 695 383 1281 18 1281
7603 4 552 768 768 768 693 696 19 1281 18 1281
7606 4 553 768 768 768 696 699 84016 6409 18574 21379
7607 4 554 768 768 768 697 700 1527 1281 18 818
7608 4 555 768 768 768 698 701 20 1281 18 818
7610 4 556 768 768 768 700 703 1457 7 3816 3392
7611 4 557 768 768 768 701 704 84016 6409 18574 21379
7612 4 558 768 768 768 702 705 383 1281 18 818
7613 4 559 768 768 768 703 706 20 1281 18 818
7615 4 560 768 768 768 705 708 1457 7 3816 3392
7619 4 561 768 768 768 709 712 818 36055 19469 1281
7623 4 562 768 768 768 713 716 18 7 21379 18
7624 4 563 768 768 768 714 717 84016 6409 18574 21379
7628 4 564 768 768 768 718 721 20 71 23 71
7629 4 565 768 768 768 719 722 69 18 68 18
7630 4 566 768 768 768 720 723 21 71 23 818
7632 4 567 768 768 768 722 725 1328 7 70 1281
7633 4 568 768 768 768 723 726 39278 3392 818 36055
7637 3 569 768 768 768 727 729 19469 1281 18
7639 1 570 768 768 768 729 729 1457
